20
000 100 000 000 000 000 000 000 000 000 000 000 000 000 000 000 000 000 000 000 
000 100 000 000 000 000 000 000 000 000 000 000 000 000 000 000 000 000 000 000 
000 100 000 000 000 000 000 000 000 000 000 000 000 000 000 000 000 000 000 000 
000 100 000 000 000 000 000 000 000 000 000 000 000 000 000 000 000 000 000 000 
000 100 000 000 000 000 000 000 000 000 000 000 000 000 000 000 000 000 000 000 
000 100 000 000 000 000 000 000 000 000 000 000 000 000 000 000 000 000 000 000 
000 000 000 000 000 000 000 000 000 000 000 000 000 000 000 000 000 000 000 000 
000 000 000 000 000 000 000 000 000 000 000 000 000 000 000 000 000 000 000 000 
000 000 000 000 000 000 000 000 000 000 000 000 000 000 000 000 000 000 000 000 
000 000 000 000 000 000 000 000 000 000 000 000 000 000 000 000 000 000 000 000 
000 000 000 000 000 000 000 000 000 000 000 000 000 000 000 000 000 000 000 000 
000 000 000 000 000 000 000 000 000 000 000 000 000 000 000 000 000 000 000 000 
000 000 000 000 000 000 000 000 000 100 100 000 000 000 000 000 000 000 000 000 
000 000 000 000 000 000 000 000 000 100 100 000 000 000 000 000 000 000 000 000 
000 000 000 000 000 000 000 000 000 000 000 000 000 000 000 000 000 000 000 000 
000 000 000 000 000 000 000 000 000 000 000 000 000 000 000 000 000 000 000 000 
000 000 000 000 000 000 000 000 000 000 000 000 000 000 000 000 000 000 000 000 
000 000 000 000 000 000 000 000 000 000 000 000 000 000 000 000 000 000 000 000 
000 000 000 000 000 000 000 000 000 000 000 000 000 000 000 000 000 000 000 000 
000 000 000 000 000 000 000 000 000 000 000 000 000 000 000 000 000 000 000 000 
